000000001011111011 11111101 11111111
000000001100110001 00110100 11111111
000000010010100000 10100100 11111111
000000010010111010 10111110 11111111
000000010011101000 11101100 11111111
000000010110001101 10010010 11111111
000000011111011101 11100100 11111111
000000100010001101 10010101 11111111
000000100100010111 00100000 11111111
000000100111111101 00000110 11111111
000000101001010010 01011100 11111111
000000101111011110 11101001 11111111
000000110000010010 00011110 11111111
000000110001011011 01100111 11111111
000000110111101001 11110110 11111111
000001000000011110 00101110 11111111
000001000010001010 10011010 11111111
000001001101111000 10001011 11111111
000001001111010111 11101010 11111111
000001010001100111 01111011 11111111
000001010010101101 11000001 11111111
000001010011100010 11110110 11111111
000001010011100011 11110111 11111111
000001010011111011 00001111 11111111
000001010110101000 10111101 11111111
000001010111101000 11111101 11111111
000001100001001110 01100110 11111111
000001100101100000 01111001 11111111
000001100110110111 11010000 11111111
000001101010110001 11001011 11111111
000001101011000101 11011111 11111111
000001101011011110 11111000 11111111
000001101111111111 00011010 11111111
000001110011100000 11111100 11111111
000001110101110001 10001110 11111111
000001111000000100 00100010 11111111
000001111001001101 01101011 11111111
000010000100111011 01011100 11111111
000010001110001000 10101011 11111111
000010001110010101 10111000 11111111
000010010000101110 01010010 11111111
000010010101000110 01101011 11111111
000010011001001111 01110101 11111111
000010011001011001 01111111 11111111
000010011001100111 10001101 11111111
000010100100000001 00101010 11111111
000010100100000011 00101100 11111111
000010101010000111 10110001 11111111
000010111110101010 11011001 11111111
000010111111010001 00000000 11111111
000011000000101100 01011100 11111111
000011000011010100 00000100 11111111
000011000110111110 11101111 11111111
000011000111000011 11110100 11111111
000011000111101001 00011010 11111111
000011001110110001 11100100 11111111
000011010111011111 00010100 11111111
000011011100101011 01100010 11111111
000011100001110000 10101000 11111111
000011100101001110 10000111 11111111
000011100111001100 00000101 11111111
000011101000010001 01001011 11111111
000011101101101110 10101001 11111111
000011101110110110 11110001 11111111
000011110010111000 11110100 11111111
000011110011001100 00001000 11111111
000011111100000001 01000000 11111111
000011111111110110 00110101 11111111
000100000000000111 01000111 11111111
000100001001111000 10111010 11111111
000100001100001001 01001100 11111111
000100010100000110 01001011 11111111
000100011110011111 11100110 11111111
000100011111000011 00001010 11111111
000100100000010111 01011111 11111111
000100100100000000 01001001 11111111
000100100100111011 10000100 11111111
000100100111011110 00100111 11111111
000100101100111111 10001010 11111111
000100110101000011 10010000 11111111
000100110110101101 11111010 11111111
000100111001000010 10010000 11111111
000100111101100000 10101111 11111111
000101001000110001 10000011 11111111
000101010000000010 01010110 11111111
000101010000111111 10010011 11111111
000101010010111100 00010000 11111111
000101010100111001 10001110 11111111
000101011011100000 00110110 11111111
000101100101011100 10110101 11111111
000101100101101011 11000100 11111111
000101101001011001 10110011 11111111
000101101111111101 01011000 11111111
000101110010001010 11100110 11111111
000101110011100111 01000011 11111111
000101110100100100 10000001 11111111
000101110111010100 00110001 11111111
000101111010000111 11100101 11111111
000101111011001111 00101101 11111111
000101111110111000 00010111 11111111
000110000010110111 00010111 11111111
000110000011100111 01000111 11111111
000110000100001111 01110000 11111111
000110000110010110 11110111 11111111
000110000110101001 00001010 11111111
000110001000110101 10010111 11111111
000110001001100111 11001001 11111111
000110001011000111 00101001 11111111
000110001100010101 01111000 11111111
000110001100111110 10100001 11111111
000110010010100101 00001001 11111111
000110010100110101 10011010 11111111
000110011000111101 10100011 11111111
000110011101101010 11010001 11111111
000110100011011101 01000101 11111111
000110101010010010 11111100 11111111
000110101111110111 01100010 11111111
000110110110001101 11111010 11111111
000110110111101011 01011000 11111111
000110110111110100 01100001 11111111
000110111011000001 00101111 11111111
000110111110010001 00000000 11111111
000110111110111001 00101000 11111111
000111000100100010 10010011 11111111
000111001001100000 11010010 11111111
000111001010111001 00101011 11111111
000111010000010000 10000100 11111111
000111010000100101 10011001 11111111
000111011101111110 11110101 11111111
000111100001101011 11100011 11111111
000111100011111110 01110110 11111111
000111100101101101 11100110 11111111
000111101100000001 01111100 11111111
000111101110010010 00001101 11111111
000111110000011010 10010110 11111111
000111110111001000 01000101 11111111
000111111001001001 11000111 11111111
001000000001001101 11001101 11111111
001000000001110001 11110001 11111111
001000001000011000 10011010 11111111
001000001010111011 00111101 11111111
001000010001101100 11110000 11111111
001000010010100001 00100101 11111111
001000010011010011 01010111 11111111
001000010100000010 10000111 11111111
001000010100010000 10010101 11111111
001000010110101011 00110000 11111111
001000010111111010 01111111 11111111
001000011011011101 01100011 11111111
001000011100010010 10011001 11111111
001000100001010101 11011101 11111111
001000100110100111 00110000 11111111
001000100111000101 01001110 11111111
001000100111100011 01101100 11111111
001000101011001010 01010100 11111111
001000101100110001 10111100 11111111
001000110011000111 01010011 11111111
001000110011101000 01110100 11111111
001001000011101101 01111101 11111111
001001001100011111 10110010 11111111
001001001100110110 11001001 11111111
001001001111001011 01011110 11111111
001001010001100110 11111010 11111111
001001011001000000 11010110 11111111
001001011100010110 10101101 11111111
001001011100100010 10111001 11111111
001001011101001110 11100101 11111111
001001100011100001 01111001 11111111
001001101110111010 01010101 11111111
001001110100010001 10101110 11111111
001001110110000111 00100100 11111111
001001110111001111 01101100 11111111
001001111010010000 00101110 11111111
001001111010100000 00111110 11111111
001010000000001001 10101001 11111111
001010000100110000 11010001 11111111
001010001100011110 11000001 11111111
001010010001011010 11111110 11111111
001010011001011011 00000001 11111111
001010011110011000 00111111 11111111
001010100111110101 10011110 11111111
001010100111110111 10100000 11111111
001010101000101011 11010101 11111111
001010101000111100 11100110 11111111
001010101001010100 11111110 11111111
001010101010101110 01011000 11111111
001010101011101010 10010100 11111111
001010101101011110 00001001 11111111
001010101110111101 01101000 11111111
001010110000101000 11010100 11111111
001010110110001000 00110101 11111111
001010111001111110 00101100 11111111
001011000000100100 11010100 11111111
001011000010111011 01101011 11111111
001011000011101110 10011110 11111111
001011000101010000 00000001 11111111
001011000110100101 01010110 11111111
001011000110110011 01100100 11111111
001011001000110010 11100100 11111111
001011001000110111 11101001 11111111
001011010001010101 00001001 11111111
001011010101101101 00100010 11111111
001011010111000000 01110101 11111111
001011011100010101 11001100 11111111
001011100010000010 00111010 11111111
001011100101110010 00101011 11111111
001011100110011001 01010010 11111111
001011110000000111 11000011 11111111
001011110010010110 01010010 11111111
001011110100100011 11100000 11111111
001011110111101011 10101000 11111111
001011111010001101 01001011 11111111
001100001000101000 11101010 11111111
001100001111010011 10010110 11111111
001100010011100101 10101001 11111111
001100010100001011 11010000 11111111
001100011000001111 11010101 11111111
001100011000010010 11011000 11111111
001100011001000100 00001010 11111111
001100100001111011 01000011 11111111
001100100010101110 01110110 11111111
001100101010011110 01101000 11111111
001100101110011010 01100101 11111111
001100110000101100 11111000 11111111
001100110001001111 00011011 11111111
001100111101000010 00010001 11111111
001100111111100100 10110011 11111111
001101000001001000 00011000 11111111
001101000001010011 00100011 11111111
001101000100000001 11010010 11111111
001101001101110101 01001000 11111111
001101010111000011 10011000 11111111
001101011001010101 00101011 11111111
001101011100010110 11101101 11111111
001101011101111100 01010011 11111111
001101100011110110 11001110 11111111
001101100111110001 11001010 11111111
001101110010010100 01110000 11111111
001101110110001001 01100110 11111111
001101111010000001 01011111 11111111
001110000000100000 00000000 11111111
001110001000000001 11100011 11111111
001110001101010101 00111000 11111111
001110010001111011 01011111 11111111
001110010111000111 10101100 11111111
001110011100110001 00011000 11111111
001110100001000100 00101100 11111111
001110100010011100 10000100 11111111
001110101010010000 01111010 11111111
001110110100001101 11111010 11111111
001110111110001110 01111101 11111111
001110111110011000 10000111 11111111
001111000101001110 00111111 11111111
001111001101001011 00111110 11111111
001111010011000101 10111001 11111111
001111010101100010 01010111 11111111
001111010110110011 10101000 11111111
001111010111011010 11001111 11111111
001111011111101011 11100010 11111111
001111100111111011 11110100 11111111
001111101000100000 00011010 11111111
001111101100001101 00001000 11111111
001111110010011000 10010100 11111111
001111111000110111 00110101 11111111
001111111101111110 01111101 11111111
001111111110110110 10110101 11111111
001111111111101110 11101101 11111111
010000010001111000 00000000 11111111
010000010011000101 00000000 11111111
010000010111101101 00000000 11111111
010000011000001111 00000000 11111111
010000011001101010 00000000 11111111
010000100011010101 00000000 11111111
010000100100101110 00000000 11111111
010000100101000001 00000000 11111111
010000100110011111 00000000 11111111
010000101000011001 00000000 11111111
010000101000101101 00000000 11111111
010000101010111010 00000000 11111111
010000101010111100 00000000 11111111
010000101100000011 01011000 11111111
010000101110011101 00000000 11111111
010000110110000000 00000000 11111111
010000110110011001 00000000 11111111
010000110110111100 00000000 11111111
010000111110001101 00000000 11111111
010001000000011010 00000000 11111111
010001000100001011 00000000 11111111
010001000100111011 00000000 11111111
010001010000100110 00000000 11111111
010001010001111011 00000000 11111111
010001010100111010 00000000 11111111
010001011000100110 00000000 11111111
010001011110000100 00000000 11111111
010001011110101000 00000000 11111111
010001011111111001 00000000 11111111
010001100001100100 00000000 11111111
010001100001110110 00000000 11111111
010001100101100100 00000000 11111111
010001100101100110 00000000 11111111
010001101001111010 00000000 11111111
010001101010101011 00000000 11111111
010001110001101011 00000000 11111111
010001111001010000 00000000 11111111
010001111001111010 00000000 11111111
010001111010100001 00000000 11111111
010001111110111101 00000000 11111111
010010000001000011 00000000 11111111
010010000001001011 00000000 11111111
010010000011011111 00000000 11111111
010010000100000101 00100000 11111111
010010000110100000 00000000 11111111
010010001000100101 00000000 11111111
010010001001110001 00000000 11111111
010010010001111100 00000000 11111111
010010011010111010 00000000 11111111
010010011100100010 00000000 11111111
010010100101010100 00000000 11111111
010010101011110000 00000000 11111111
010010101100101111 00000000 11111111
010010101100110111 00000000 11111111
010010101101111000 00000000 11111111
010010110100111010 00000000 11111111
010010110100111101 00000000 11111111
010010111001011110 00000000 11111111
010010111010001001 00000000 11111111
010010111011101111 00000000 11111111
010010111110001011 00000000 11111111
010010111110101101 00000000 11111111
010011000000000000 00110000 11111111
010011000001100110 00000000 11111111
010011001010010110 00000000 11111111
010011001101110000 00000000 11111111
010011010111100000 00000000 11111111
010011011011000000 00000000 11111111
010011011011000001 00000000 11111111
010011100000100111 00000000 11111111
010011111000000101 11000000 11111111
010011111001111001 00000000 11111111
010100000101000101 00000000 11111111
010100001001000000 00000000 11111111
010100001011010110 00000000 11111111
010100010010000101 00000000 11111111
010100010011000011 00000000 11111111
010100010111100010 00000000 11111111
010100011000011000 00000000 11111111
010100011100011100 00000000 11111111
010100100000001001 00000000 11111111
010100100001110001 00000000 11111111
010100100101000001 00000000 11111111
010100101010111101 00000000 11111111
010100101011001101 00000000 11111111
010100101100010101 00000000 11111111
010100101100101110 00000000 11111111
010100111000010010 00000000 11111111
010100111101010000 00000000 11111111
010100111101010010 00000000 11111111
010100111101110100 00000000 11111111
010101000110010110 00000000 11111111
010101010001000000 00000000 11111111
010101010001001100 00000000 11111111
010101010010010111 00000000 11111111
010101011010111110 00000000 11111111
010101011100110010 00000000 11111111
010101100001010110 00000000 11111111
010101100001111100 00000000 11111111
010101100111010110 00000000 11111111
010101101000011011 00000000 11111111
010101101001001011 00000000 11111111
010101101010011101 00000000 11111111
010101101010110010 00000000 11111111
010101101101000001 00000000 11111111
010101101101110101 00000000 11111111
010101101110000010 00000000 11111111
010101110001011010 00000000 11111111
010101110101101101 00000000 11111111
010101111000100011 00000000 11111111
010101111010100001 00000000 11111111
010110000001100010 00000000 11111111
010110000010100010 00000000 11111111
010110000011110110 00000000 11111111
010110001000111110 00000000 11111111
010110001011011100 00000000 11111111
010110001101000110 00000000 11111111
010110010001100010 00000000 11111111
010110010100010100 00000000 11111111
010110011100001100 00000000 11111111
010110100010011101 00000000 11111111
010110100011000011 00000000 11111111
010110100101011110 00000000 11111111
010110100111101000 00000000 11111111
010110101000001101 00000000 11111111
010110101010101100 00000000 11111111
010110101100001100 00000000 11111111
010110101100111000 00000000 11111111
010110110001000101 00000000 11111111
010110111001011101 00000000 11111111
010110111100001011 00000000 11111111
010110111100101100 00000000 11111111
010111000010111111 00000000 11111111
010111001001100101 00000000 11111111
010111001101101101 00000000 11111111
010111010000111101 00000000 11111111
010111010010110110 00000000 11111111
010111010110101111 00000000 11111111
010111100000110011 00000000 11111111
010111100011000111 00000000 11111111
010111100110010011 00000000 11111111
010111100111010010 00000000 11111111
010111101010111100 00000000 11111111
010111101100101000 00000000 11111111
010111101101000110 00000000 11111111
010111101111010101 00000000 11111111
010111110000111000 00000000 11111111
010111110110010010 00000000 11111111
010111111000101000 00000000 11111111
011000000011101100 00000000 11111111
011000000101111100 00000000 11111111
011000000111100111 00000000 11111111
011000000111110000 00000000 11111111
011000001110010101 00000000 11111111
011000010110110011 00000000 11111111
011000010111010100 00000000 11111111
011000011010010000 00000000 11111111
011000011010100111 00000000 11111111
011000100100011011 00000000 11111111
011000100110011011 00000000 11111111
011000100111000011 00000000 11111111
011000101001100101 00000000 11111111
011000101110000001 00000000 11111111
011000110000000000 10001100 11111111
011000110100100110 00000000 11111111
011000110110011001 00000000 11111111
011000110110100010 00000000 11111111
011000111000010100 00000000 11111111
011001000000001101 00000000 11111111
011001000010101110 00000000 11111111
011001001000111001 00000000 11111111
011001001010101100 00000000 11111111
011001001011000001 00000000 11111111
011001001100011010 00000000 11111111
011001010010111001 00000000 11111111
011001010101111100 00000000 11111111
011001011001001011 00000000 11111111
011001011010010001 00000000 11111111
011001011111111010 00000000 11111111
011001100010101001 00000000 11111111
011001101010001001 00000000 11111111
011001101010010010 00000000 11111111
011001110000011011 00000000 11111111
011001110011011111 00000000 11111111
011001110111001111 00000000 11111111
011001110111101001 00000000 11111111
011010000011111100 00000000 11111111
011010000110011001 00000000 11111111
011010000111010111 00000000 11111111
011010001110000111 00000000 11111111
011010010101010010 00000000 11111111
011010011000111011 00000000 11111111
011010011100111110 00000000 11111111
011010100000110010 00000000 11111111
011010100010011000 00000000 11111111
011010100011100000 00000000 11111111
011010101100101010 00000000 11111111
011010110001001010 00000000 11111111
011010110010001001 00000000 11111111
011010110101111110 00000000 11111111
011010111010010011 00000000 11111111
011011000001100110 00000000 11111111
011011000101101010 00000000 11111111
011011000111111110 00000000 11111111
011011001011110101 00000000 11111111
011011001101111011 00000000 11111111
011011010110110110 00000000 11111111
011011011001101101 00000000 11111111
011011011001110000 00000000 11111111
011011011010011000 00000000 11111111
011011011011110001 00000000 11111111
011011101111110100 00000000 11111111
011011101111111111 00000000 11111111
011011110000000011 11100000 11111111
011011110010001010 00000000 11111111
011011110011001100 00000000 11111111
011011110100101111 00000000 11111111
011100000000100010 00000000 11111111
011100001001101001 00000000 11111111
011100010110011011 00000000 11111111
011100011011111111 00000000 11111111
011100011110101010 00000000 11111111
011100011110110110 00000000 11111111
011100101110001101 00000000 11111111
011100110001111111 00000000 11111111
011100110010001111 00000000 11111111
011100110101101000 00000000 11111111
011100111000011010 00000000 11111111
011100111001011000 00000000 11111111
011101001000010011 00000000 11111111
011101010011011010 00000000 11111111
011101010110001001 00000000 11111111
011101011010010001 00000000 11111111
011101011111111110 00000000 11111111
011101100000011101 00000000 11111111
011101101011010011 00000000 11111111
011101101111111011 00000000 11111111
011101110100101100 00000000 11111111
011110001010110011 00000000 11111111
011110010000010101 00000000 11111111
011110010001010010 00000000 11111111
011110010010001000 00000000 11111111
011110010010001101 00000000 11111111
011110010010010010 00000000 11111111
011110010011001001 00000000 11111111
011110011001110110 00000000 11111111
011110011001111110 00000000 11111111
011110011111001000 00000000 11111111
011110011111100011 00000000 11111111
011110100010010111 00000000 11111111
011110100100111111 00000000 11111111
011110100101100010 00000000 11111111
011110101100011010 00000000 11111111
011110101111011100 00000000 11111111
011110110000110111 00000000 11111111
011110110100000100 11010000 11111111
011110110110011110 00000000 11111111
011110111000110100 00000000 11111111
011110111110001011 00000000 11111111
011111010010101000 00000000 11111111
011111010101000110 00000000 11111111
011111010111111001 00000000 11111111
011111011001010000 00000000 11111111
011111011001010001 00000000 11111111
011111100100110010 00000000 11111111
011111100100111101 00000000 11111111
011111100101101010 00000000 11111111
011111100101111000 00000000 11111111
011111100111011110 00000000 11111111
011111101001001000 00000000 11111111
011111110011000111 00000000 11111111
011111110011100010 00000000 11111111
011111110011111110 00000000 11111111
011111110111100110 00000000 11111111
011111111010000110 00000000 11111111
011111111111100000 00000000 11111111
100000000010010101 00000000 11111111
100000000111111001 00000000 11111111
100000001000100001 00000000 11111111
100000001101110010 00000000 11111111
100000010110010101 00000000 11111111
100000011000000100 00000000 11111111
100000011001000000 00000000 11111111
100000100110011001 00000000 11111111
100000101101000011 00000000 11111111
100000101110000010 00000000 11111111
100000110111101101 00000000 11111111
100001000100000110 00000000 11111111
100001000101111000 00000000 11111111
100001010000101110 00000000 11111111
100001011000111001 00000000 11111111
100001011111011011 00000000 11111111
100001100010110111 00000000 11111111
100001100101110001 00000000 11111111
100001101001001101 00000000 11111111
100001101010011111 00000000 11111111
100001101101111001 00000000 11111111
100001101111111001 00000000 11111111
100001110111011011 00000000 11111111
100001111111110011 00000000 11111111
100001111111111111 00000000 11111111
100010000000111011 00000000 11111111
100010000011110110 00000000 11111111
100010000100100111 00000000 11111111
100010000101010101 00000000 11111111
100010000101010111 00000000 11111111
100010001000011011 00000000 11111111
100010010000100010 00000000 11111111
100010010011000101 00000000 11111111
100010010101010101 00000000 11111111
100010010101111000 00000000 11111111
100010010111000001 00000000 11111111
100010011100010001 00000000 11111111
100010100010001111 00000000 11111111
100010100111010001 00000000 11111111
100010100111010110 00000000 11111111
100010101000001100 00000000 11111111
100010101010000101 00000000 11111111
100010101100100001 00000000 11111111
100010110000011011 00000000 11111111
100011000010110111 00000000 11111111
100011000110010110 00000000 11111111
100011000111101010 00000000 11111111
100011001010001101 00000000 11111111
100011010111100010 00000000 11111111
100011011010011010 00000000 11111111
100011011111010110 00000000 11111111
100011100000000101 00000001 11111111
100011101001011000 00000000 11111111
100011101101111101 00000000 11111111
100011110001010010 00000000 11111111
100011111011100110 00000000 11111111
100011111100110110 00000000 11111111
100011111111001100 00000000 11111111
100011111111011101 00000000 11111111
100100000001001101 00000000 11111111
100100000010110111 00000000 11111111
100100010011011000 00000000 11111111
100100010011100111 00000000 11111111
100100010011101011 00000000 11111111
100100010100000111 00000000 11111111
100100010110111101 00000000 11111111
100100011001000011 00000000 11111111
100100011110001100 00000000 11111111
100100110001101000 00000000 11111111
100100110110001010 00000000 11111111
100100111011101010 00000000 11111111
100100111111110011 00000000 11111111
100101000100101000 00000000 11111111
100101000110101111 00000000 11111111
100101001001010000 00000000 11111111
100101001011010010 00000000 11111111
100101001011111100 00000000 11111111
100101001110110010 00000000 11111111
100101010001000110 00000000 11111111
100101010100011101 00000000 11111111
100101010110011110 00000000 11111111
100101010110100101 00000000 11111111
100101010111001101 00000000 11111111
100101011010011010 00000000 11111111
100101011101001100 00000000 11111111
100101011101101010 00000000 11111111
100101100000011000 00000000 11111111
100101101001110101 00000000 11111111
100101101110100001 00000000 11111111
100101110000110111 00000000 11111111
100101110010011001 00000000 11111111
100101110010110011 00000000 11111111
100101111111000010 00000000 11111111
100101111111001000 00000000 11111111
100110000011101101 00000000 11111111
100110000110010001 00000000 11111111
100110000110111001 00000000 11111111
100110000111101001 00000000 11111111
100110001001000011 00000000 11111111
100110001100100111 00000000 11111111
100110001111011000 00000000 11111111
100110001111100000 00000000 11111111
100110010010101001 00000000 11111111
100110010101011001 00000000 11111111
100110100011110000 00000000 11111111
100110100100011000 00000000 11111111
100110100101011110 00000000 11111111
100110101111010100 00000000 11111111
100110111110100111 00000000 11111111
100111000001011001 00000000 11111111
100111001000111011 00000000 11111111
100111001001011011 00000000 11111111
100111001101000111 00000000 11111111
100111001101001010 00000000 11111111
100111010000111100 00000000 11111111
100111010001010010 00000000 11111111
100111010101110010 00000000 11111111
100111100100111111 00000000 11111111
100111100111010100 00000000 11111111
100111101000011111 00000000 11111111
100111101011001111 00000000 11111111
100111110001010111 00000000 11111111
100111110011011010 00000000 11111111
100111110100010010 00000000 11111111
100111111000001011 00000000 11111111
100111111011100010 00000000 11111111
101000000000010111 00000000 11111111
101000000001000001 00000000 11111111
101000000010111010 00000000 11111111
101000000100100010 00000000 11111111
101000010010010010 00000000 11111111
101000010100011000 00000000 11111111
101000010111101011 00000000 11111111
101000011001111111 00000000 11111111
101000011100011010 00000000 11111111
101000011101011010 00000000 11111111
101000011101100011 00000000 11111111
101000011111111111 00000000 11111111
101000100001010110 00000000 11111111
101000100010000011 00000000 11111111
101000100101011001 00000000 11111111
101000101001000101 00000000 11111111
101000110000000110 00000010 11111111
101000110000010100 00000000 11111111
101000111011100000 00000000 11111111
101000111101101110 00000000 11111111
101000111110110100 00000000 11111111
101001000001011100 00000000 11111111
101001000100110101 00000000 11111111
101001000111000011 00000000 11111111
101001001010001001 00000000 11111111
101001001110001101 00000000 11111111
101001001110110110 00000000 11111111
101001011000001001 00000000 11111111
101001011100010110 00000000 11111111
101001011111110100 00000000 11111111
101001100100111101 00000000 11111111
101001100111110110 00000000 11111111
101001110101111011 00000000 11111111
101001111000011110 00000000 11111111
101001111110101001 00000000 11111111
101010000000000100 00001010 11111111
101010000001110010 00000000 11111111
101010000111010111 00000000 11111111
101010010101010111 00000000 11111111
101010010101111100 00000000 11111111
101010010111000001 00000000 11111111
101010011001010001 00000000 11111111
101010011010011101 00000000 11111111
101010011101001000 00000000 11111111
101010011111001101 00000000 11111111
101010100101010111 00000000 11111111
101010100110011110 00000000 11111111
101010101001000110 00000000 11111111
101010101011100011 00000000 11111111
101010101101110010 00000000 11111111
101010110100010010 00000000 11111111
101011000010000001 00000000 11111111
101011010100101101 00000000 11111111
101011010100111100 00000000 11111111
101011011000011010 00000000 11111111
101011011110010101 00000000 11111111
101011011110110111 00000000 11111111
101011100010100000 00000000 11111111
101011101010010010 00000000 11111111
101011101110100001 00000000 11111111
101011110000100010 00000000 11111111
101011110011011000 00000000 11111111
101011110011101111 00000000 11111111
101011110011111011 00000000 11111111
101100000000100001 00000000 11111111
101100000011110100 00000000 11111111
101100001000111010 00000000 11111111
101100010010110110 00000000 11111111
101100010011000000 00000000 11111111
101100010100000001 01100010 11111111
101100010100101110 00000000 11111111
101100010111001100 00000000 11111111
101100011010000001 00000000 11111111
101100011100110100 00000000 11111111
101100100111000101 00000000 11111111
101100101011011101 00000000 11111111
101100101100001011 00000000 11111111
101100110100110001 00000000 11111111
101100111000111001 00000000 11111111
101100111001001001 00000000 11111111
101101000110101000 00000000 11111111
101101000111110010 00000000 11111111
101101000111111101 00000000 11111111
101101001010001011 00000000 11111111
101101001100110100 00000000 11111111
101101010111010111 00000000 11111111
101101011010010011 00000000 11111111
101101011101011111 00000000 11111111
101101011111000010 00000000 11111111
101101100010101100 00000000 11111111
101101100011001011 00000000 11111111
101101100011011011 00000000 11111111
101101100100001100 00000000 11111111
101101100100010110 00000000 11111111
101101101101110110 00000000 11111111
101101101110111111 00000000 11111111
101101110101001101 00000000 11111111
101101111100000001 01101111 11111111
101101111110011101 00000000 11111111
101110001111110101 00000000 11111111
101110011001001111 00000000 11111111
101110011001110000 00000000 11111111
101110011110001100 00000000 11111111
101110101000100110 00000000 11111111
101110101001010011 00000000 11111111
101110101100111110 00000000 11111111
101110101101111000 00000000 11111111
101110110001001100 00000000 11111111
101110110001011100 00000000 11111111
101110111000111101 00000000 11111111
101110111001100110 00000000 11111111
101111000010011110 00000000 11111111
101111000100110011 00000000 11111111
101111000100111100 00000000 11111111
101111001000000111 00000001 11111111
101111001011100000 00000000 11111111
101111010011100001 00000000 11111111
101111010110010111 00000000 11111111
101111011001000011 00000000 11111111
101111011101101010 00000000 11111111
101111100000010101 00000000 11111111
101111100010110000 00000000 11111111
101111100100000000 11111001 11111111
101111101000011001 00000000 11111111
101111101101111111 00000000 11111111
101111111100110001 00000000 11111111
101111111111000111 00000000 11111111
110000010001111110 11111000 11111111
110000010111110101 11001001 11111111
110000011010011000 10010000 11111111
110000101000111010 01000100 11111111
110000101101100011 01000001 11111111
110000101110000010 10010110 11111111
110000110000011101 01011100 11111111
110000110101011010 10010010 11111111
110000110111001011 01001111 11111111
110000111001001001 11111110 11111111
110000111010001110 11000100 11111111
110001001100011100 00010100 11111111
110001001100100111 11100101 11111111
110001010001000100 01010000 11111111
110001010011101111 10101100 11111111
110001010111010001 00100101 11111111
110001010111100101 11001001 11111111
110001011011110011 11100010 11111111
110001011101000100 00011100 11111111
110001011110001101 10101011 11111111
110001100001000000 00000000 11111111
110001100101111101 00110101 11111111
110001100110000101 11111101 11111111
110001100111001001 10100001 11111111
110001100111101111 01010111 11111111
110001101111011011 00011001 11111111
110001110011111101 10101100 11111111
110001110110001100 11011100 11111111
110001111000001001 00001110 11111111
110001111101001101 01010011 11111111
110010000010110010 01000000 11111111
110010000010111101 10100000 11111111
110010000101110110 00110110 11111111
110010000110011101 00111101 11111111
110010000110110111 10010111 11111111
110010000110111111 10011111 11111111
110010000111000110 10000110 11111111
110010001010010001 01000010 11111111
110010010101010101 01001001 11111111
110010011001001111 10111010 11111111
110010011101000101 10000011 11111111
110010101010100011 10111110 11111111
110010101110100101 10110111 11111111
110010101111100001 11001011 11111111
110010111001010000 01100000 11111111
110010111011101111 11110010 11111111
110010111100010000 11110000 11111111
110010111100110011 01011101 11111111
110010111101101100 11010100 11111111
110010111111100111 01101001 11111111
110011001000011001 11100010 11111111
110011001101011001 10111011 11111111
110011001110101111 11011101 11111111
110011010111010001 01000101 11111111
110011011011001001 01100110 11111111
110011011110010110 00111010 11111111
110011100110100001 11011001 11111111
110011101001110010 11010100 11111111
110011110111000110 00101110 11111111
110011111011010111 00010010 11111111
110100000100000110 10000110 11111111
110100001010100111 00001110 11111111
110100001100111110 00111010 11111111
110100010010001110 10111000 11111111
110100010100000000 00000000 11111111
110100011010001101 10001110 11111111
110100011010110000 00100000 11111111
110100100010000001 01001000 11111111
110100100011010100 10100000 11111111
110100100110101100 00001100 11111111
110100100111110000 01110000 11111111
110100101000110011 10111110 11111111
110100101110011000 10001000 11111111
110100101111000001 10001011 11111111
110100110000000101 01111100 11111111
110100110000010001 00001100 11111111
110100110000011001 01101100 11111111
110100110111101001 00010101 11111111
110100111010001010 00001100 11111111
110101000001010101 10010000 11111111
110101011000010011 01100010 11111111
110101011011100001 10010110 11111111
110101100000001011 11001000 11111111
110101100000010110 10010000 11111111
110101100010111101 11111000 11111111
110101100101101110 00111110 11111111
110101101011010000 00100000 11111111
110101101110101010 01101110 11111111
110101111000100111 01010010 11111111
110110000010011010 11000000 11111111
110110000111111000 11111000 11111111
110110001001011100 00111000 11111111
110110001001111000 11110000 11111111
110110001110001101 10000111 11111111
110110010011110010 10001000 11111111
110110010111000001 00100101 11111111
110110011000011111 01011010 11111111
110110011000101110 01010100 11111111
110110011010001010 11111100 11111111
110110011010100110 00100100 11111111
110110011101000000 11000000 11111111
110110100001001100 11100000 11111111
110110100011011011 11111000 11111111
110110100011100101 00001000 11111111
110110101000111110 10101100 11111111
110110101111010110 01110010 11111111
110110110101001011 11101111 11111111
110110110110000011 11000111 11111111
110110110110111111 01010011 11111111
110110110111010111 10001011 11111111
110111000110000010 01100010 11111111
110111001011101010 00110100 11111111
110111001101110111 01110101 11111111
110111001111001011 00110001 11111111
110111010011101000 00100000 11111111
110111010111010001 10000101 11111111
110111011001010010 11001100 11111111
110111100011111100 00100000 11111111
110111101000111001 00101010 11111111
110111101111001101 01111111 11111111
110111110000110010 00111000 11111111
110111110100111011 11001111 11111111
110111111011100101 10110110 11111111
110111111011111001 10001110 11111111
111000000001000011 10000000 11111111
111000000001100111 10000000 11111111
111000000010000000 00000000 11111111
111000000100010000 00010000 11111111
111000001001111001 01110010 11111111
111000001110111001 10101011 11111111
111000010001100011 00001100 11111111
111000010111011001 10111101 11111111
111000011001111010 11011100 11111111
111000011100011011 00111101 11111111
111000100000000101 10101000 11111111
111000100011100100 00100000 11111111
111000100101110101 10011101 11111111
111000101010111001 10111010 11111111
111000101011000000 10000000 11111111
111000110000110101 11111100 11111111
111000110010011011 11000100 11111111
111000110101000111 00011011 11111111
111000111101010000 10110000 11111111
111000111101100011 01001101 11111111
111001000111100100 00100100 11111111
111001001000011111 10101110 11111111
111001001110000000 10000000 11111111
111001010111010111 00100011 11111111
111001011010111000 11010000 11111111
111001011111101101 11001011 11111111
111001100011001010 11110000 11111111
111001100111110001 00001001 11111111
111001110000111101 00101100 11111111
111001110001110111 10000100 11111111
111001110110010101 01100001 11111111
111010000011011010 01000000 11111111
111010001010100111 10101110 11111111
111010001011010010 11100100 11111111
111010001100101010 10111110 11111111
111010001101010000 11110000 11111111
111010010000011000 01100000 11111111
111010010010010100 11010000 11111111
111010010100000011 11101111 11111111
111010010110010101 00001001 11111111
111010011100010011 01100101 11111111
111010011101001001 10011111 11111111
111010100001111000 11000000 11111111
111010101010100111 11100110 11111111
111010101011101111 10110110 11111111
111010101100101110 10111010 11111111
111010101110001100 10000100 11111111
111010110101010100 11000100 11111111
111010111001010010 10111100 11111111
111010111001100110 01010100 11111111
111011000000010010 01100000 11111111
111011000000011011 10010000 11111111
111011000001111011 10010000 11111111
111011000010010101 01110000 11111111
111011000100101111 01111111 11111111
111011000101011111 10101111 11111111
111011001001011001 11100010 11111111
111011001001011101 10101010 11111111
111011010010101111 00001100 11111111
111011010011000011 00011100 11111111
111011010101101011 10100111 11111111
111011010101111111 11001011 11111111
111011011011101101 01111110 11111111
111011011101010100 00001100 11111111
111011011101111101 01011011 11111111
111011011110111000 10001000 11111111
111011100010111110 10010000 11111111
111011101010110000 11100000 11111111
111011101101101100 11100100 11111111
111011110111011101 00101001 11111111
111011111111110001 11001111 11111111
111100001100100100 01101100 11111111
111100010000110000 11000000 11111111
111100011011110110 01000100 11111111
111100011111101110 00000010 11111111
111100100001010000 10000000 11111111
111100100100110000 10110000 11111111
111100100101000111 10111111 11111111
111100100111000001 10001001 11111111
111100101101001001 11100011 11111111
111100101101001011 01111001 11111111
111100110001000000 00000000 11111111
111100110100001011 11001111 11111111
111100110100100011 00000111 11111111
111100111101100011 00001101 11111111
111100111110100000 01100000 11111111
111101001111110101 11101111 11111111
111101010010001011 00011100 11111111
111101010100010100 10100100 11111111
111101010101101011 00000111 11111111
111101010101111110 11010110 11111111
111101011000011110 00010100 11111111
111101101000110011 01101110 11111111
111101101100101010 11101110 11111111
111101101111010001 11001011 11111111
111101110000110111 01000100 11111111
111101111000101110 11100100 11111111
111110000100110011 11010011 11111111
111110000110001100 00001100 11111111
111110000111110010 10110010 11111111
111110001001011001 10010010 11111111
111110001011101101 00111010 11111111
111110001100111100 00110100 11111111
111110001110101001 11011011 11111111
111110001111100001 10000011 11111111
111110011001110111 11101010 11111111
111110011101101010 10100110 11111111
111110011110001111 00001001 11111111
111110101001001100 01111000 11111111
111110101001101100 10111000 11111111
111110101111010110 01110010 11111111
111110101111100110 00100010 11111111
111110110010110111 10110100 11111111
111110110110010111 11001011 11111111
111110111000110000 10100000 11111111
111110111011001100 10101000 11111111
111111000100000011 11010011 11111111
111111001010101001 11000010 11111111
111111001100100010 01000110 11111111
111111001110001110 11001010 11111111
111111011011110110 01100100 11111111
111111011101111110 10010010 11111111
111111011111101011 10111101 11111111
111111100001111110 00010000 11111111
111111101001010111 11110110 11111111
111111110111001010 10100010 11111111
111111111001001011 01101010 11111111
111111111110101100 01010100 11111111
111111111111000110 00111010 11111111
