0100000 0 0
1100000 0 0
0001100 0 1
1001100 0 0
0001100 0 1
1001100 0 0
0001100 0 1
1001100 0 0
0001100 0 1
1001100 0 0
0000000 0 1
1000000 0 0
0000011 0 1
1000011 0 0
0001100 0 1
1001100 0 0
0001100 0 1
1001100 0 0
0001100 0 1
1001100 0 0
0001100 0 1
1001100 0 0
0001111 0 1
1001111 0 0
0001100 0 1
1001100 0 0
0001100 0 1
1001100 0 0
0001101 0 1
1001101 0 0
0001100 0 1
1001100 0 0
0010010 0 1
1010010 0 0
0001100 0 1
1001100 0 0
0001100 0 1
1001100 0 0
0001100 0 1
1001100 0 0
0001111 0 1
1001111 0 0
0001100 0 1
1001100 0 0
0001110 0 1
1001110 0 0
0000001 1 1
1000001 0 0
0010101 0 1
1010101 0 0
0001100 0 1
1001100 0 0
0001100 0 1
1001100 0 0
0000011 0 1
1000011 0 0
0001110 0 1
1001110 0 0
0001100 0 1
1001100 0 0
0001100 0 1
1001100 0 0
0001111 0 1
1001111 0 0
0001100 0 1
1001100 0 0
0010100 0 1
1010100 0 0
0000101 0 1
1000101 0 0
0010010 0 1
1010010 0 0
0010010 0 1
1010010 0 0
0001100 0 1
1001100 0 0
0001100 0 1
1001100 0 0
0001100 0 1
1001100 0 0
0001111 0 1
1001111 0 0
0001110 0 1
1001110 0 0
0001100 0 1
1001100 0 0
0000001 0 1
1000001 0 0
0001100 0 1
1001100 0 0
0000011 0 1
1000011 0 0
0001100 0 1
1001100 0 0
0001100 0 1
1001100 0 0
0000010 0 1
1000010 0 0
0001111 0 1
1001111 0 0
0001100 0 1
1001100 0 0
0010010 0 1
1010010 0 0
0001100 0 1
1001100 0 0
0001101 0 1
1001101 0 0
0001111 0 1
1001111 0 0
0001100 0 1
1001100 0 0
0001100 0 1
1001100 0 0
0001110 0 1
1001110 0 0
0001100 0 1
1001100 0 0
0000010 0 1
1000010 0 0
0000001 1 1
1000001 0 0
0001100 0 1
1001100 0 0
0001100 0 1
1001100 0 0
